-0.342987060546875
-0.387664794921875
-0.430603027343750
-0.472137451171875
-0.511535644531250
-0.549194335937500
-0.584442138671875
-0.617645263671875
-0.648162841796875
-0.676330566406250
-0.701782226562500
-0.724395751953125
-0.744323730468750
-0.761169433593750
-0.775146484375000
-0.785980224609375
-0.793823242187500
-0.798431396484375
-0.800018310546875
-0.798370361328125
-0.793670654296875
-0.785766601562500
-0.774871826171875
-0.760803222656250
-0.743896484375000
-0.723937988281250
-0.701232910156250
-0.675689697265625
-0.647521972656250
-0.616912841796875
-0.583648681640625
-0.548370361328125
-0.510650634765625
-0.471221923828125
-0.429687500000000
-0.386596679687500
-0.342010498046875
-0.295867919921875
-0.248992919921875
-0.200561523437500
-0.151947021484375
-0.102172851562500
-0.0525207519531250
-0.00219726562500000
0.0478210449218750
0.0978088378906250
0.147277832031250
0.196350097656250
0.244415283203125
0.291870117187500
0.337707519531250
0.382720947265625
0.425750732421875
0.467559814453125
0.507171630859375
0.544952392578125
0.580657958984375
0.613830566406250
0.644958496093750
0.673217773437500
0.699005126953125
0.722015380859375
0.742156982421875
0.759429931640625
0.773712158203125
0.784881591796875
0.793121337890625
0.798004150390625
0.800079345703125
0.798645019531250
0.794433593750000
0.786773681640625
0.776245117187500
0.762634277343750
0.745880126953125
0.726409912109375
0.703918457031250
0.678741455078125
0.650878906250000
0.620483398437500
0.587554931640625
0.552490234375000
0.515075683593750
0.475738525390625
0.434539794921875
0.391510009765625
0.347229003906250
0.301147460937500
0.254364013671875
0.206115722656250
0.157470703125000
0.107910156250000
0.0581359863281250
0.00790405273437500
-0.0420532226562500
-0.0922241210937500
-0.141632080078125
-0.190856933593750
-0.239013671875000
-0.286468505859375
-0.332611083984375
-0.377624511718750
-0.421020507812500
-0.462829589843750
-0.502807617187500
-0.540771484375000
-0.576629638671875
-0.610290527343750
-0.641479492187500
-0.670166015625000
-0.696197509765625
-0.719543457031250
-0.739990234375000
-0.757690429687500
-0.772155761718750
-0.783843994140625
-0.792266845703125
-0.797668457031250
-0.799957275390625
-0.798980712890625
-0.795074462890625
-0.787780761718750
-0.777618408203125
-0.764282226562500
-0.748016357421875
-0.728668212890625
-0.706695556640625
-0.681671142578125
-0.654205322265625
-0.624084472656250
-0.591369628906250
-0.556640625000000
-0.519348144531250
-0.480407714843750
-0.439208984375000
-0.396606445312500
-0.352172851562500
-0.306579589843750
-0.259643554687500
-0.211700439453125
-0.163024902343750
-0.113555908203125
-0.0637817382812500
-0.0137023925781250
0.0365295410156250
0.0863952636718750
0.136138916015625
0.185211181640625
0.233612060546875
0.281127929687500
0.327484130859375
0.372497558593750
0.416229248046875
0.458129882812500
0.498321533203125
0.536651611328125
0.572601318359375
0.606628417968750
0.638000488281250
0.667053222656250
0.693389892578125
0.717041015625000
0.737823486328125
0.755737304687500
0.770782470703125
0.782531738281250
0.791595458984375
0.797149658203125
0.799835205078125
0.799377441406250
0.795471191406250
0.788940429687500
0.778839111328125
0.766021728515625
0.749938964843750
0.731079101562500
0.709259033203125
0.684753417968750
0.657379150390625
0.627685546875000
0.595153808593750
0.560760498046875
0.523651123046875
0.484954833984375
0.443969726562500
0.401550292968750
0.357238769531250
0.311920166015625
0.264923095703125
0.217315673828125
0.168487548828125
0.119232177734375
0.0694885253906250
0.0193176269531250
-0.0307312011718750
-0.0807800292968750
-0.130523681640625
-0.179656982421875
-0.228179931640625
-0.275787353515625
-0.322204589843750
-0.367523193359375
-0.411315917968750
-0.453460693359375
-0.493865966796875
-0.532379150390625
-0.568634033203125
-0.602874755859375
-0.634582519531250
-0.663879394531250
-0.690490722656250
-0.714569091796875
-0.735504150390625
-0.753967285156250
-0.769134521484375
-0.781402587890625
-0.790679931640625
-0.796691894531250
-0.799713134765625
-0.799499511718750
-0.796203613281250
-0.789733886718750
-0.780181884765625
-0.767639160156250
-0.751861572265625
-0.733428955078125
-0.711853027343750
-0.687652587890625
-0.660675048828125
-0.631103515625000
-0.599090576171875
-0.564605712890625
-0.528167724609375
-0.489257812500000
-0.448883056640625
-0.406311035156250
-0.362487792968750
-0.316986083984375